Edge map size: 50

[766, 643] [766, 696] 2

[766, 696] [747, 697] 3

[210, 611] [149, 609] 2

[77, 609] [40, 609] 2

[38, 607] [38, 568] 2

[769, 599] [767, 557] 1.99774

[496, 555] [529, 556] 3

[529, 556] [529, 696] 2

[555, 697] [533, 697] 3

[425, 553] [425, 607] 1

[423, 610] [386, 610] 2

[384, 608] [384, 557] 2

[427, 556] [461, 555] 2

[42, 412] [115, 412] 3

[119, 453] [119, 414] 2

[121, 412] [199, 412] 3

[199, 412] [200, 453] 2.26762

[200, 458] [200, 563] 3

[199, 409] [127, 409] 3

[530, 335] [529, 385] 1.5197

[202, 367] [203, 336] 1.51534

[125, 368] [126, 333] 0.998274

[117, 329] [105, 330] 3

[39, 495] [39, 458] 2

[39, 453] [39, 333] 2

[39, 333] [64, 332] 3

[766, 333] [766, 402] 1

[764, 404] [690, 404] 2

[688, 402] [688, 333] 3

[688, 333] [702, 332] 4

[571, 332] [685, 332] 3

[686, 403] [571, 404] 3

[765, 407] [767, 457] 2.63789

[288, 260] [287, 329] 2.53597

[287, 329] [207, 329] 2

[472, 104] [472, 273] 2

[472, 278] [472, 328] 2

[472, 328] [407, 328] 4

[404, 192] [404, 258] 2.24812

[404, 262] [403, 329] 1.95501

[403, 329] [342, 329] 3

[342, 329] [341, 262] 4.50696

[407, 465] [407, 333] 2.50369

[537, 329] [475, 328] 5

[344, 99] [402, 100] 1

[407, 155] [407, 102] 3

[409, 100] [421, 100] 2

[276, 99] [203, 98] 3

[476, 100] [476, 30] 3

[478, 28] [764, 28] 2

