4 [726, 472] [726, 486] 0 28 1

4 [585, 490] [721, 490] 2 1 1

4 [726, 490] [726, 725] 3 28 1

4 [723, 728] [519, 728] 4 27 1

4.75703 [516, 725] [518, 592] 5 9 1

5.17145 [518, 592] [517, 493] 6 9 1

4 [520, 490] [534, 490] 7 8 1

4 [511, 728] [376, 728] 10 27 1

4.75703 [373, 725] [375, 592] 11 15 1

5.17145 [375, 592] [374, 493] 12 15 1

4 [377, 490] [455, 490] 13 14 1

4 [368, 728] [229, 728] 16 27 1

4.75703 [226, 725] [228, 592] 17 21 1

5.17145 [228, 592] [227, 493] 18 21 1

4 [230, 490] [309, 490] 19 20 1

4 [221, 728] [39, 728] 22 27 1

4 [36, 725] [36, 493] 23 26 1

4 [161, 486] [39, 486] 25 24 1

4 [64, 407] [39, 407] 31 30 1

4 [36, 404] [36, 332] 32 29 1

4 [36, 221] [36, 129] 33 37 1

5 [39, 126] [119, 127] 34 36 1

6 [119, 127] [147, 126] 35 36 1

4 [592, 41] [723, 41] 38 54 1

4 [726, 44] [726, 149] 39 53 1

4 [661, 157] [723, 156] 41 40 1

4 [726, 159] [726, 305] 42 53 1

4 [583, 305] [583, 160] 44 46 1

4 [583, 404] [583, 315] 48 46 1

4 [586, 312] [723, 312] 49 43 1

4 [726, 315] [726, 407] 50 53 1

4 [646, 411] [721, 411] 52 51 1

4 [338, 39] [338, 118] 56 63 1

5 [246, 126] [335, 126] 58 57 1

5 [337, 128] [337, 406] 59 63 1

5 [337, 406] [114, 407] 60 61 1

4 [340, 404] [342, 347] 62 59 1

4 [345, 41] [489, 42] 64 55 1

