2 [260, 624] [260, 683] 0 1

2 [260, 568] [260, 590] 0 1

2 [21, 562] [21, 603] 0 1

2 [380, 534] [409, 534] 0 1

1.567 [897, 513] [897, 481] 0 3

2 [900, 478] [997, 478] 1 2

1.567 [896, 476] [895, 513] 3 0

2 [722, 463] [722, 573] 0 1

2 [596, 456] [630, 456] 0 1

2 [380, 457] [420, 456] 0 1

2 [420, 454] [378, 454] 1 0

2 [21, 426] [21, 498] 0 1

2 [26, 470] [257, 470] 2 6

2 [260, 473] [260, 534] 3 4

2.75994 [635, 380] [633, 457] 0 2

2.99973 [633, 457] [634, 531] 1 2

2.75994 [636, 532] [637, 382] 2 0

2 [583, 378] [546, 378] 0 3

3 [549, 383] [549, 433] 1 2

0.731709 [464, 383] [464, 452] 0 20

2 [462, 454] [423, 454] 1 2

0.569976 [464, 458] [464, 529] 3 9

2 [460, 534] [494, 534] 4 5

0.569976 [466, 473] [467, 459] 9 3

2 [549, 459] [549, 529] 11 14

1 [551, 529] [551, 459] 14 18

2 [552, 451] [552, 439] 17 18

0.731709 [467, 451] [466, 436] 20 0

2 [471, 380] [495, 380] 23 24

2 [378, 381] [410, 380] 0 1

2 [410, 378] [380, 378] 1 0

2 [854, 345] [903, 345] 0 1

2 [723, 346] [736, 345] 0 1

2 [736, 343] [723, 343] 1 0

2 [382, 329] [525, 329] 0 1

2 [108, 323] [257, 323] 0 3

2 [260, 326] [260, 417] 1 2

2 [98, 320] [23, 320] 0 3

2 [21, 322] [21, 362] 1 2

2 [1002, 344] [913, 344] 0 3

2 [910, 341] [910, 264] 1 2

2.71549 [1002, 349] [1000, 475] 4 14

3.12984 [1000, 475] [1001, 575] 5 14

2 [998, 578] [381, 578] 6 13

2 [379, 580] [379, 684] 7 12

2 [376, 687] [26, 687] 8 11

2 [23, 684] [23, 667] 9 10

2.71549 [1003, 578] [1004, 346] 14 4

3 [35, 208] [35, 264] 0 3

2 [37, 266] [98, 266] 1 2

2 [771, 207] [798, 207] 0 1

2 [684, 207] [711, 207] 0 1

2 [672, 205] [658, 205] 0 3

2 [653, 204] [653, 235] 1 2

2 [822, 205] [809, 205] 0 1

2.71783 [824, 209] [825, 234] 2 3

2 [415, 134] [415, 261] 0 1

2 [575, 133] [575, 265] 0 1

2 [908, 128] [908, 200] 0 1

2 [825, 127] [825, 154] 0 1

1.40264 [739, 129] [740, 201] 0 7

2 [737, 204] [720, 204] 1 8

2 [740, 210] [740, 279] 3 7

2 [737, 282] [655, 281] 4 5

2 [761, 204] [745, 204] 9 8

2 [653, 127] [653, 159] 0 1

2 [535, 129] [588, 129] 0 1

1.53248 [36, 114] [35, 144] 0 1

2 [414, 21] [414, 128] 0 3

1 [414, 128] [463, 129] 1 2

2.54706 [35, 21] [36, 52] 0 1

