2 [476, 596] [383, 596] 1 0 1

2 [284, 596] [210, 596] 3 2 1

1.51895 [854, 592] [855, 540] 5 4 1

3 [906, 539] [894, 539] 7 6 1

2 [112, 596] [37, 596] 10 9 1

4 [34, 593] [34, 522] 11 8 1

2 [748, 513] [704, 513] 13 12 1

2 [696, 595] [673, 596] 16 15 1

5.70782 [673, 591] [674, 570] 17 21 1

4.73611 [674, 570] [673, 513] 18 21 1

1 [581, 514] [666, 515] 20 19 1

2 [667, 595] [557, 596] 22 15 1

2 [541, 596] [527, 596] 23 15 1

4 [524, 593] [524, 516] 24 14 1

4.77355 [992, 424] [991, 438] 25 27 1

2 [991, 446] [991, 528] 26 27 1

4 [334, 379] [577, 379] 28 33 1

4 [580, 382] [580, 480] 29 32 1

3 [577, 483] [333, 483] 30 31 1

4 [34, 448] [34, 350] 35 34 1

6.80973 [609, 246] [610, 258] 36 51 1

2 [991, 201] [991, 351] 40 41 1

3 [992, 195] [976, 194] 42 39 1

3 [976, 194] [921, 194] 43 39 1

4 [546, 198] [598, 198] 44 82 1

4.98273 [600, 280] [602, 304] 46 51 1

3 [695, 319] [663, 319] 49 48 1

7 [663, 319] [607, 303] 50 47 1

4 [604, 300] [604, 237] 51 45 1

3 [604, 237] [602, 200] 52 45 1

3 [605, 197] [750, 197] 53 82 1

2.57008 [753, 200] [752, 314] 54 80 1

2.53583 [751, 325] [748, 449] 55 80 1

2 [755, 444] [780, 444] 56 77 1

4 [783, 447] [783, 509] 57 73 1

2 [780, 512] [754, 512] 58 59 1

4 [783, 518] [783, 591] 60 73 1

2 [783, 596] [755, 595] 61 62 1

3 [896, 592] [950, 592] 63 70 1

9 [952, 598] [992, 598] 64 70 1

2 [929, 535] [944, 535] 67 66 1

9 [940, 542] [966, 541] 68 66 1

2 [967, 535] [983, 536] 69 66 1

7 [890, 591] [867, 589] 71 62 1

2 [858, 596] [788, 596] 72 62 1

2 [833, 444] [931, 444] 76 77 1

3 [758, 197] [822, 197] 81 82 1

3 [202, 197] [448, 198] 83 84 1

3 [104, 194] [49, 194] 85 89 1

3 [49, 194] [32, 195] 86 89 1

4 [34, 276] [34, 200] 88 87 1

