4 [277, 515] [252, 515] 1 0 1

4 [245, 411] [245, 425] 4 5 1

3 [247, 406] [35, 406] 6 3 1

3 [32, 403] [31, 315] 7 2 1

3 [760, 28] [989, 28] 9 8 1

4 [992, 31] [992, 418] 10 26 1

4 [992, 427] [992, 512] 11 26 1

4 [989, 515] [887, 515] 12 25 1

3 [884, 512] [884, 490] 13 17 1

3 [884, 482] [884, 427] 14 17 1

3 [887, 424] [939, 424] 15 16 1

4 [878, 515] [772, 515] 18 25 1

3.52302 [769, 512] [770, 426] 19 22 1

2 [773, 423] [825, 424] 20 21 1

4 [763, 515] [375, 514] 23 25 1

5 [375, 514] [324, 515] 24 25 1

3 [31, 145] [31, 30] 27 31 1

2 [667, 26] [555, 24] 29 28 1

3 [555, 24] [30, 24] 30 28 1

