Node map size: 46
0
516 523
1 

1
485 538
0 2 

2
514 538
1 

3
237 522
4 

4
206 538
3 5 

5
235 538
4 

6
794 276
7 

7
763 291
6 8 

8
792 291
7 

9
470 35
10 

10
688 35
9 11 

11
688 544
10 12 13 

12
645 544
11 

13
688 555
11 14 

14
688 726
13 15 

15
586 726
14 16 22 

16
586 636
15 17 

17
439 636
16 18 21 

18
439 554
17 19 20 

19
578 554
18 

20
426 554
18 

21
576 636
17 

22
694 726
15 

23
315 35
24 

24
360 35
23 25 27 

25
360 45
24 26 

26
360 543
25 

27
403 35
24 

28
34 35
29 45 

29
34 732
28 30 40 

30
147 732
29 31 38 

31
147 645
30 32 37 

32
294 645
31 33 

33
294 553
32 34 36 

34
139 553
33 35 

35
155 553
34 

36
294 634
33 

37
147 633
31 

38
88 732
30 39 

39
76 732
38 

40
34 553
29 41 42 

41
79 553
40 

42
34 543
40 43 

43
34 389
42 44 

44
34 379
43 

45
248 35
28 

