251 526 315 527

137 525 186 527

494 526 584 527

454 526 346 527

28 497 32 504
32 504 35 498

555 473 557 521

20 460 19 525
19 525 73 527
73 527 22 522

448 452 438 454
438 454 438 521
438 521 440 458

382 426 218 428

682 417 687 424
687 424 689 417

651 375 649 386
649 386 639 389
639 389 649 393
649 393 649 462
649 462 609 465
609 465 649 470
649 470 649 522
649 522 624 528
624 528 651 526


606 389 496 389
496 389 491 371
491 371 490 395
490 395 513 395
513 395 513 449
513 449 482 454
482 454 513 457
513 457 513 521
513 521 515 395

214 333 214 339
214 339 219 333
219 333 377 334
377 334 382 421
382 421 380 331

20 308 21 395

528 179 532 187
532 187 536 180

494 177 492 278
492 278 428 276
428 276 436 284
436 284 489 284
489 284 492 338

602 171 649 176
649 176 651 308
651 308 651 173

435 171 539 173

357 171 393 176
393 176 392 244
392 244 404 255
404 255 395 244
395 244 394 176
394 176 401 171

133 171 293 173

68 171 19 173
19 173 20 243
20 243 22 176

