633 501 631 539
631 539 617 544
617 544 633 542



170 474 123 476

32 473 62 475


631 435 633 464

379 429 350 431
350 431 347 474
347 474 312 476
312 476 350 476
350 476 352 434

410 429 436 434
436 434 436 541
436 541 456 544
456 544 438 539
438 539 438 431

436 413 438 425

167 436 167 314
167 314 36 318
36 318 93 320
93 320 91 355
91 355 109 355
109 355 98 350
98 350 101 320
101 320 162 320
162 320 165 350
165 350 158 355
158 355 165 358


436 262 436 297
436 297 422 302
422 302 436 305
436 305 438 323

165 262 167 283

102 260 104 284

472 256 562 258
562 258 567 310
567 310 567 261
567 261 577 256

172 256 239 257

89 256 94 258

51 256 30 258
30 258 30 383
30 383 32 358
32 358 41 355
41 355 32 350
32 350 32 261

633 254 627 256
627 256 628 314
628 314 472 316
472 316 628 316
628 316 633 352


391 82 389 210
389 210 369 213
369 213 389 218
389 218 389 253
389 253 335 253
335 253 335 150
335 150 333 198
333 198 318 201
318 201 333 206
333 206 330 256
330 256 284 256
284 256 281 206
281 206 287 201
287 201 275 201
275 201 279 257
279 257 333 261
333 261 333 360
333 360 338 258
338 258 441 258
441 258 391 253

286 76 330 78
330 78 335 119
335 119 335 81
335 81 346 76

169 76 225 78

383 78 392 76
392 76 395 22
395 22 632 21
632 21 392 20
392 20 390 73

