
439 522 444 525

321 522 326 525

42 522 47 525

602 348 595 359
595 359 481 359
481 359 598 363
598 363 595 536
595 536 425 533
425 533 426 364
426 364 440 358
440 358 416 359
416 359 423 364
423 364 421 536
421 536 307 533
307 533 308 364
308 364 375 358
375 358 295 359
295 359 305 364
305 364 303 536
303 536 186 533
186 533 187 364
187 364 254 358
254 358 173 359
173 359 184 364
184 364 182 536
182 536 33 536
33 536 30 364
30 364 133 359
133 359 33 358
33 358 28 350
28 350 26 537
26 537 600 539

28 243 28 312
28 312 33 303
33 303 53 302
53 302 30 297


89 103 94 106

26 162 33 93
33 93 122 91
122 91 28 89

489 27 598 33
598 33 598 109
598 109 544 114
544 114 598 118
598 118 598 224
598 224 484 227
484 227 481 119
481 119 489 114
489 114 480 112
480 112 475 302
475 302 492 302
492 302 481 297
481 297 484 230
484 230 595 230
595 230 598 298
598 298 532 302
532 302 595 302
595 302 600 308
600 308 602 29

407 28 280 27
280 27 275 89
275 89 201 91
201 91 278 96
278 96 276 300
276 300 93 302
93 302 282 303
282 303 282 33

