[214, 568;
  214, 621;
  216, 621;
  216, 568]
[214, 517;
  214, 537;
  216, 537;
  216, 517]
[17, 512;
  17, 549;
  19, 549;
  19, 512]
[326, 484;
  326, 486;
  336, 486;
  336, 484]
[313, 484;
  313, 486;
  319, 486;
  319, 484]
[452, 467;
  452, 481;
  449, 484;
  449, 486;
  477, 486;
  477, 484;
  457, 484;
  454, 481;
  454, 467]
[522, 461;
  522, 483;
  524, 483;
  524, 461]
[737, 434;
  820, 435;
  820, 433]
[594, 422;
  594, 521;
  596, 521;
  596, 422]
[503, 413;
  503, 415;
  506, 415;
  506, 413]
[469, 413;
  469, 415;
  473, 415;
  473, 413]
[436, 413;
  436, 415;
  449, 415;
  452, 418;
  452, 460;
  454, 460;
  455, 414]
[410, 413;
  410, 415;
  429, 415;
  429, 413]
[362, 413;
  362, 415;
  365, 415;
  365, 413]
[328, 413;
  328, 415;
  332, 415;
  332, 413]
[312, 413;
  313, 415]
[17, 388;
  17, 453;
  19, 453;
  19, 431;
  22, 428;
  211, 428;
  214, 431;
  214, 486;
  216, 486;
  216, 410;
  214, 410;
  214, 423;
  211, 426;
  22, 426;
  19, 423;
  19, 388]
[383, 355;
  381, 412;
  382, 481;
  379, 484;
  379, 486;
  406, 486;
  406, 484;
  387, 484;
  385, 482;
  384, 418;
  387, 415;
  403, 415;
  403, 413;
  387, 413;
  384, 410;
  385, 356]
[826, 347;
  824, 347;
  823, 432;
  824, 523;
  821, 526;
  314, 526;
  312, 528;
  312, 622;
  309, 625;
  22, 625;
  19, 622;
  19, 608;
  17, 608;
  17, 625;
  19, 627;
  312, 627;
  314, 625;
  314, 531;
  317, 528;
  824, 528;
  826, 526]
[522, 347;
  522, 454;
  524, 454;
  524, 347]
[480, 344;
  450, 344;
  452, 349;
  452, 394;
  454, 394;
  454, 349;
  457, 346;
  480, 346]
[403, 344;
  403, 346;
  407, 346;
  407, 344]
[380, 344;
  383, 350;
  385, 350;
  388, 346;
  397, 346;
  397, 344]
[313, 344;
  313, 346;
  327, 346;
  327, 344]
[594, 318;
  594, 323;
  596, 323;
  596, 318]
[704, 312;
  704, 314;
  743, 314;
  743, 312]
[595, 312;
  595, 315;
  605, 314;
  605, 312]
[313, 296;
  315, 299;
  432, 299;
  432, 297]
[89, 292;
  89, 294;
  211, 294;
  214, 297;
  214, 379;
  216, 379;
  215, 292]
[85, 280;
  83, 280;
  83, 288;
  80, 291;
  19, 291;
  17, 293;
  17, 329;
  19, 329;
  19, 296;
  22, 293;
  83, 293;
  85, 291]
[681, 254;
  679, 254;
  676, 257;
  539, 256;
  538, 258;
  679, 259;
  681, 257]
[313, 242;
  313, 245;
  315, 245;
  315, 242]
[747, 240;
  746, 313;
  749, 315;
  824, 315;
  824, 313;
  752, 313;
  749, 310;
  749, 240]
[29, 190;
  29, 240;
  31, 242;
  80, 242;
  83, 245;
  83, 249;
  85, 249;
  85, 242;
  83, 240;
  34, 240;
  31, 237;
  31, 190]
[681, 181;
  679, 181;
  679, 183;
  676, 186;
  539, 185;
  537, 186;
  537, 214;
  539, 214;
  539, 191;
  542, 188;
  606, 188;
  609, 191;
  609, 252;
  611, 252;
  611, 191;
  614, 188;
  676, 188;
  678, 190;
  679, 213;
  681, 213]
[609, 167;
  609, 170;
  611, 170;
  611, 167]
[609, 132;
  609, 137;
  611, 137;
  611, 132]
[341, 122;
  341, 237;
  343, 237;
  343, 122]
[473, 121;
  473, 241;
  475, 241;
  475, 121]
[343, 116;
  343, 119;
  367, 118;
  367, 116]
[733, 115;
  733, 117;
  744, 117;
  747, 120;
  747, 181;
  749, 181;
  749, 117;
  747, 115]
[524, 115;
  524, 117;
  534, 117;
  537, 120;
  537, 145;
  539, 145;
  539, 120;
  542, 117;
  676, 117;
  679, 120;
  679, 140;
  681, 140;
  681, 120;
  684, 117;
  695, 117;
  695, 115]
[441, 115;
  441, 117;
  487, 117;
  487, 115]
[29, 105;
  29, 131;
  31, 131;
  31, 105]
[29, 19;
  29, 46;
  31, 46;
  31, 19]
