Node map size: 82
0
705 486
1 

1
670 486
0 2 

2
670 497
1 3 

3
670 547
2 4 

4
681 547
3 5 

5
681 497
4 

6
752 424
7 

7
752 441
6 

8
261 401


9
748 318
10 

10
748 339
9 

11
581 270
12 

12
380 270
11 13 

13
391 270
12 14 

14
391 329
13 15 

15
391 329
14 16 

16
391 329
15 17 

17
432 329
16 18 

18
432 339
17 19 

19
432 487
18 20 24 

20
361 487
19 21 

21
350 487
20 22 

22
622 487
21 23 

23
443 487
22 

24
432 374
19 25 

25
442 374
24 26 

26
442 358
25 27 

27
442 276
26 

28
399 275
29 

29
431 275
28 

30
677 211
31 

31
677 262
30 32 

32
677 262
31 33 

33
677 272
32 34 

34
694 272
33 35 

35
704 272
34 

36
235 200


37
231 214
38 

38
231 345
37 39 

39
231 712
38 40 

40
455 712
39 41 

41
679 712
40 42 43 

42
679 663
41 

43
382 712
41 44 

44
382 662
43 45 

45
382 705
44 46 

46
372 705
45 47 

47
243 705
46 48 

48
243 576
47 49 55 

49
371 576
48 50 

50
371 616
49 51 

51
371 569
50 52 

52
296 569
51 53 54 

53
296 553
52 

54
285 569
52 

55
243 565
48 56 

56
243 500
55 57 62 

57
285 500
56 58 59 

58
285 511
57 

59
296 500
57 60 

60
296 500
59 61 

61
296 500
60 

62
243 489
56 63 

63
243 396
62 64 75 

64
327 396
63 65 

65
327 340
64 66 67 

66
338 340
65 

67
327 329
65 68 72 

68
327 278
67 69 

69
327 267
68 70 

70
327 233
69 71 

71
327 205
70 

72
242 329
67 

73
323 340
74 

74
323 383
73 

75
243 384
63 

76
232 149


77
667 41
78 

78
667 41
77 79 

79
667 95
78 80 

80
679 95
79 81 

81
679 42
80 

