Node map size: 113
0
383 596
1 

1
476 596
0 

2
210 596
3 

3
284 596
2 

4
892 591
5 83 

5
917 591
4 

6
853 539
7 

7
853 590
6 

8
899 539
9 14 

9
924 539
8 10 16 

10
914 539
9 

11
859 547
12 

12
877 547
11 13 

13
888 547
12 

14
884 539
8 

15
929 533


16
946 539
9 17 

17
962 539
16 18 

18
984 539
17 19 

19
984 553
18 20 

20
984 563
19 21 

21
984 573
20 22 

22
984 588
21 23 

23
971 588
22 24 

24
961 588
23 25 

25
950 588
24 26 27 

26
933 588
25 

27
950 598
25 28 

28
992 598
27 29 

29
992 540
28 

30
983 593


31
976 593


32
964 593


33
955 593


34
952 537


35
31 521
36 

36
31 596
35 37 

37
112 596
36 

38
704 513
39 

39
748 513
38 

40
520 512
41 47 

41
520 596
40 42 

42
696 596
41 43 

43
673 596
42 44 46 

44
673 513
43 45 

45
581 513
44 

46
629 596
43 

47
531 512
40 

48
376 458


49
979 441


50
545 432


51
992 424
52 

52
992 528
51 

53
329 420
54 

54
329 430
53 

55
327 378
56 

56
577 378
55 57 

57
577 480
56 58 

58
333 480
57 

59
32 349
60 

60
32 448
59 

61
612 244
62 

62
612 257
61 

63
698 213


64
921 195
65 

65
988 195
64 66 

66
988 351
65 

67
545 195
68 

68
598 195
67 69 73 

69
598 278
68 70 

70
598 304
69 71 

71
664 322
70 72 

72
694 322
71 

73
750 195
68 74 98 

74
750 314
73 75 77 

75
750 314
74 76 

76
750 314
75 

77
750 325
74 78 

78
750 450
77 79 96 

79
780 450
78 80 90 

80
780 509
79 81 

81
780 591
80 82 85 

82
756 591
81 

83
877 591
4 84 

84
867 591
83 

85
780 577
81 86 

86
780 566
85 87 

87
780 487
86 88 

88
780 477
87 89 

89
790 477
88 

90
793 450
79 91 

91
803 450
90 92 

92
803 450
91 93 

93
815 450
92 94 

94
832 450
93 95 

95
931 450
94 

96
750 439
78 97 

97
750 345
96 

98
822 195
73 

99
869 593


100
862 593


101
879 593


102
202 195
103 

103
449 195
102 

104
104 195
105 

105
32 195
104 106 

106
32 276
105 

107
961 142
108 

108
950 142
107 

109
950 139


110
953 136


111
909 99


112
896 96


