293 637 251 649
251 649 209 640
209 640 252 652

806 539 802 545
802 545 809 549

690 539 686 545
686 545 693 549

574 539 577 549

25 499 24 581
24 581 72 597
72 597 27 579

696 471 731 473

489 471 470 473
470 473 470 579
470 579 430 596
430 596 474 581
474 581 474 477

819 395 817 468
817 468 796 474
796 474 820 472

326 342 405 343

25 334 26 419

264 272 266 344
266 344 287 343
287 343 267 338
267 338 270 274
270 274 468 274
468 274 471 397
471 397 477 397
477 397 478 354
478 354 544 357
544 357 544 468
544 468 528 473
528 473 632 473
632 473 600 471
600 471 597 438
597 438 593 471
593 471 548 468
548 468 548 357
548 357 592 354
592 354 598 372
598 372 600 270
600 270 581 272
581 272 595 277
595 277 595 347
595 347 566 351
566 351 475 348
475 348 475 277
475 277 543 270

820 330 819 248
819 248 814 271
814 271 651 270
651 270 646 261
646 261 639 272
639 272 814 273

25 180 26 254

456 164 458 169

441 163 446 170

441 144 443 149

458 142 452 145
452 145 456 151

818 116 819 183

765 26 814 28
814 28 820 50
820 50 818 25

431 26 471 31
471 31 473 215
473 215 507 213
507 213 475 208
475 208 475 31
475 31 592 28
592 28 594 164
594 164 552 167
552 167 545 213
545 213 558 212
558 212 556 171
556 171 591 171
591 171 592 214
592 214 641 214
641 214 647 223
647 223 646 199
646 199 641 210
641 210 597 207
597 207 597 120
597 120 641 117
641 117 646 134
646 134 647 104
647 104 641 114
641 114 597 110
597 110 596 31
596 31 641 28
641 28 645 39
645 39 649 28
649 28 700 25

205 26 367 27

62 25 24 27
24 27 25 100
25 100 27 31

