Node map size: 104
0
356 729
1 

1
304 743
0 2 4 

2
288 743
1 3 

3
258 730
2 

4
324 743
1 

5
977 617
6 

6
977 628
5 7 

7
977 628
6 

8
837 617
9 

9
837 627
8 

10
696 617
11 

11
696 628
10 

12
31 570
13 

13
31 666
12 14 

14
88 684
13 15 

15
49 670
14 

16
844 540
17 

17
887 540
16 

18
594 539
19 

19
573 539
18 20 

20
573 662
19 21 

21
522 679
20 22 

22
562 679
21 

23
994 452
24 

24
994 536
23 25 

25
965 536
24 

26
396 392
27 

27
492 392
26 

28
31 381
29 

29
31 479
28 

30
533 379


31
430 353


32
321 311
33 35 

33
321 387
32 34 

34
348 387
33 

35
569 311
32 36 56 

36
569 455
35 37 38 

37
579 455
36 

38
569 408
36 39 

39
579 408
38 40 

40
657 408
39 41 48 

41
657 448
40 42 

42
657 536
41 43 44 

43
642 536
42 

44
767 536
42 45 

45
728 536
44 46 47 

46
728 501
45 

47
668 536
45 

48
668 408
40 49 

49
719 408
48 50 55 

50
719 426
49 51 

51
719 316
50 52 54 

52
730 316
51 53 

53
707 316
52 

54
719 398
51 

55
686 408
49 

56
579 311
35 57 

57
659 311
56 

58
995 378
59 

59
995 283
58 60 

60
995 307
59 61 

61
789 307
60 62 

62
776 307
61 

63
32 205
64 

64
32 290
63 

65
554 187


66
535 186
67 

67
535 186
66 68 

68
535 186
67 

69
536 164


70
552 162
71 

71
552 172
70 

72
994 132
73 

73
994 209
72 

74
722 36
75 

75
722 188
74 76 79 

76
669 188
75 77 

77
669 239
76 78 

78
669 199
77 

79
722 198
75 80 

80
722 238
79 81 84 

81
779 238
80 82 

82
779 248
81 83 

83
779 228
82 

84
722 137
80 85 88 

85
778 137
84 86 

86
778 152
85 87 

87
778 119
86 

88
722 127
84 

89
928 29
90 

90
988 29
89 91 

91
988 58
90 

92
572 244
93 94 

93
615 244
92 

94
572 35
92 95 

95
780 35
94 96 97 

96
780 45
95 

97
850 35
95 98 

98
524 35
97 

99
249 30
100 

100
446 30
99 

101
76 29
102 

102
31 29
101 103 

103
31 114
102 

