145 823 249 824

365 737 363 819
363 819 322 825
322 825 366 823

22 737 21 823
21 823 73 825
73 825 24 819

364 638 365 695

22 633 23 695

364 561 365 596

22 561 23 591

364 462 365 519

22 458 23 519

364 386 365 420

22 386 23 416

21 331 23 344

23 291 21 305

365 243 364 344
364 344 369 312
369 312 458 311
458 311 447 306
447 306 445 241
445 241 415 242
415 242 444 247
444 247 441 309
441 309 371 309
371 309 368 247
368 247 380 242

554 220 552 306
552 306 529 312
529 312 555 310

22 217 23 249

553 116 554 150

22 98 23 174

537 21 552 27
552 27 554 47
554 47 555 23

365 22 492 23

293 22 321 23

216 22 249 23

99 22 173 23

55 21 21 23
21 23 22 56
22 56 24 27

