Node map size: 209
0
145 434
1 31 

1
145 741
0 2 

2
964 741
1 3 22 

3
964 434
2 

4
323 551
5 

5
323 673
4 6 

6
255 708
5 7 29 

7
255 554
6 9 

8
155 551


9
255 735
7 10 

10
155 735
9 

11
478 440
12 

12
652 440
11 13 37 

13
652 523
12 14 34 

14
575 523
13 15 16 

15
575 443
14 

16
480 523
14 18 

17
388 438


18
388 523
16 20 

19
334 438


20
334 523
18 32 

21
958 734


22
827 741
2 23 24 

23
827 690
22 

24
711 741
22 25 27 

25
711 663
24 26 

26
666 663
25 

27
608 741
24 28 

28
608 719
27 

29
294 692
6 30 

30
312 682
29 

31
155 434
0 

32
191 523
20 33 

33
191 480
32 

34
652 505
13 35 

35
668 505
34 36 

36
658 505
35 

37
707 440
12 38 39 

38
707 497
37 

39
729 440
37 40 41 

40
729 491
39 

41
758 440
39 42 43 

42
758 463
41 

43
791 440
41 44 45 

44
791 465
43 

45
846 440
43 46 48 

46
846 497
45 47 

47
846 507
46 

48
955 440
45 49 

49
955 546
48 50 51 

50
907 546
49 

51
955 633
49 52 

52
907 633
51 

53
746 636
54 

54
851 636
53 

55
508 625
62 

56
675 607


57
585 586


58
675 579


59
363 552
60 

60
363 629
59 61 

61
497 629
60 

62
508 578
55 63 

63
495 578
62 64 

64
495 552
63 

65
365 555


66
676 549
67 

67
702 549
66 68 69 

68
702 611
67 

69
727 549
67 

70
852 543
71 

71
791 543
70 

72
797 500


73
817 473
74 

74
817 483
73 

75
830 472
76 

76
830 485
75 

77
783 472
78 

78
783 495
77 

79
823 460


80
675 460
81 

81
675 460
80 82 

82
675 474
81 83 

83
675 484
82 84 

84
689 484
83 85 

85
689 484
84 86 

86
700 474
85 87 

87
700 462
86 88 

88
687 462
87 

89
684 460


90
145 95
91 115 

91
145 402
90 92 111 

92
964 402
91 93 96 

93
964 95
92 

94
861 101
95 

95
956 101
94 

96
861 402
92 

97
854 102
98 

98
854 155
97 99 100 

99
843 155
98 

100
854 203
98 101 102 

101
795 203
100 

102
854 393
100 103 

103
713 393
102 104 

104
347 393
103 105 106 

105
347 340
104 

106
347 393
104 107 

107
251 393
106 108 109 

108
251 335
107 

109
251 393
107 110 

110
155 393
109 

111
145 141
91 112 

112
155 141
111 113 

113
187 141
112 114 

114
187 172
113 

115
155 95
90 116 

116
226 95
115 117 118 

117
226 172
116 

118
656 95
116 119 121 

119
656 158
118 120 

120
671 158
119 

121
710 95
118 122 123 

122
710 156
121 

123
760 95
121 124 126 

124
760 149
123 125 

125
760 124
124 

126
773 95
123 127 

127
795 95
126 128 

128
795 121
127 129 

129
795 158
128 130 

130
807 158
129 

131
283 335
132 

132
306 335
131 

133
192 335
134 

134
207 335
133 

135
284 301
136 

136
284 301
135 137 

137
158 301
136 138 

138
158 312
137 139 

139
282 312
138 

140
328 278
141 

141
458 278
140 

142
515 274


143
284 264
144 145 

144
158 264
143 

145
284 274
143 

146
598 246
147 

147
633 273
146 148 

148
650 290
147 149 

149
668 313
148 150 

150
713 313
149 

151
581 245


152
562 245


153
534 245


154
531 245


155
678 237


156
596 236


157
506 229
158 

158
506 276
157 159 

159
479 290
158 160 

160
457 305
159 161 

161
427 335
160 162 163 168 

162
383 335
161 

163
427 335
161 164 

164
406 371
163 165 167 

165
406 388
164 166 

166
406 388
165 

167
406 358
164 

168
439 325
161 

169
284 225
170 171 

170
158 225
169 

171
284 236
169 

172
731 206
173 

173
680 206
172 174 

174
706 206
173 175 177 

175
706 263
174 176 

176
680 263
175 

177
716 206
174 

178
782 138
179 

179
782 152
178 

180
822 130
181 

181
822 140
180 

182
835 129
183 

183
835 142
182 

184
787 128


185
565 125
186 

186
565 125
185 187 

187
565 182
186 188 

188
576 182
187 189 

189
576 127
188 

190
491 125
191 

191
522 125
190 

192
416 125
193 

193
447 125
192 

194
342 125
195 

195
373 125
194 

196
298 125
197 

197
284 125
196 198 

198
284 189
197 199 

199
157 189
198 

200
826 119


201
676 121
202 

202
676 136
201 203 

203
696 136
202 204 

204
706 136
203 205 

205
706 121
204 206 

206
706 121
205 207 

207
685 121
206 

208
690 116


